batch_name:p10HSAA-bigrun-3
status:200
sonication_time_min:10
illumination_time_min:60
gc_method:constant-HS rc
purge_time:60
cap_vials:1
solid_dispensing_finish_date_time:2019.03.19.18.14.42
rack_identifier:4.0

sonication_start_datetime:2019.03.20.00.49.11
sonication_finish_datetime:2019.03.20.00.59.11
load_sonicator_start_datetime:2019.03.20.00.39.56
load_quantos_start_datetime:2019.03.19.15.28.12
gc_analysis_start_datetime:2019.03.20.04.29.22
load_sonicator_finish_datetime:2019.03.20.00.49.11
load_quantos_finish_datetime:2019.03.19.15.33.10
load_photocat_finish_datetime:2019.03.20.01.25.21
gc_analysis_finish_datetime:2019.03.20.14.05.57
move_to_storage_start_datetime:2019.03.20.14.38.27
dispense_liquid_start_datetime:2019.03.19.21.29.41
PickUp_start_datetime:2019.03.19.12.33.30
unload_gc_finish_datetime:2019.03.20.14.31.01
unload_photocat_start_datetime:2019.03.20.02.33.34
unload_quantos_finish_datetime:2019.03.19.21.24.32
unload_sonicator_start_datetime:2019.03.20.01.00.32
photolysis_finish_datetime:2019.03.20.02.25.22
photolysis_start_datetime:2019.03.20.01.25.21
load_photocat_start_datetime:2019.03.20.01.16.47
unload_photocat_finish_datetime:2019.03.20.02.41.28
move_to_storage_finish_datetime:2019.03.20.14.39.06
unload_sonicator_finish_datetime:2019.03.20.01.16.43
run_start_datetime:2019.03.19.12.30.01
load_gc_start_datetime:2019.03.20.04.28.31
load_gc_finish_datetime:2019.03.20.04.29.22
unload_quantos_start_datetime:2019.03.19.21.17.31
dispense_liquid_finish_datetime:2019.03.19.23.39.01
unload_gc_start_datetime:2019.03.20.14.28.35
PickUp_finish_datetime:2019.03.19.12.34.08

SampleIndex,SampleNumber,Name,vial_capped,gc_well_number,hydrogen_evolution,oxygen_evolution,hydrogen_evolution_micromol,oxygen_evolution_micromol,P10-HS,AscorbicAcid0-1M,P10-HS_dispensed,AscorbicAcid0-1M_dispensed,
0,1,p10HSAA-bigrun-3_1,1,1,472452,84379,3.7982707054800002,0.0,5.0,5.0,4.965,4.9799995
1,2,p10HSAA-bigrun-3_2,1,2,446954,83936,3.4966599852964073,0.0,5.0,5.0,4.98,5.0
2,3,p10HSAA-bigrun-3_3,1,3,485916,86132,3.9623422333288705,0.0,5.0,5.0,4.985,4.9800005
3,4,p10HSAA-bigrun-3_4,1,4,469097,90619,3.757904110986827,0.0,5.0,5.0,5.0,5.0
4,5,p10HSAA-bigrun-3_5,1,5,443479,82237,3.456477797280754,0.0,5.0,5.0,5.035,5.01
5,6,p10HSAA-bigrun-3_6,1,6,468825,74957,3.7546405121550306,0.0,5.0,5.0,4.985,4.9700003
6,7,p10HSAA-bigrun-3_7,1,13,508059,73813,4.239402803877212,0.0,5.0,5.0,5.03,5.01
7,8,p10HSAA-bigrun-3_8,1,14,450616,77514,3.5392440669044505,0.0,5.0,5.0,4.975,4.9799995
8,9,p10HSAA-bigrun-3_9,1,17,474309,78195,3.820702424943212,0.0,5.0,5.0,5.055,4.9799995
9,10,p10HSAA-bigrun-3_10,1,18,488292,75336,3.9916410194065923,0.0,5.0,5.0,5.025,5.0
10,11,p10HSAA-bigrun-3_11,1,25,524216,77086,4.44723687358349,0.0,5.0,5.0,4.965,5.0
11,12,p10HSAA-bigrun-3_12,1,26,467204,78171,3.7352190306781825,0.0,5.0,5.0,4.995,5.01
12,13,p10HSAA-bigrun-3_13,1,27,459400,76995,3.6423921735219995,0.0,5.0,5.0,4.975,4.9900007
13,14,p10HSAA-bigrun-3_14,1,28,452228,75275,3.558067365731136,0.0,5.0,5.0,4.99,4.9800005
14,15,p10HSAA-bigrun-3_15,1,29,476514,79119,3.8474199281250234,0.0,5.0,5.0,5.16,4.9800005
15,16,p10HSAA-bigrun-3_16,1,30,452418,76989,3.560289131173209,0.0,5.0,5.0,5.0,5.01
